                                                                                                                                                      
                                                                                                                                                      
                                                                                                                                                      
                                                                                                                                                      
                                                                                                                                                      
                                                                                                                                                      
                                                                                                                                                      
                                                                                                                                                      
                                                                                                                                                      
                                                                                                                                                      
                                                                                                                                                      
                                                                                                                                                      
                                                                                                                                                      
                                              1111111                                                                                                 
                                             1111111111                     1                                                                         
                                            111111111111                   11   1                                                                     
                                            11111111111111             11 111                                                                         
                                            1111111111111                 1111     1                                                                  
                                           11111111111111111              111111    1                    1111111                                      
                                           111111111111111     1          1111 11    1      111111111111111111111                                     
                                           111111111111111 1              11    11    111111111111111111111111111                                     
                                           111111111101  11    1          111         111111111111111111111111111                                     
                                           1111111111011111    1          1   1    1  11111111111111111111111111                                      
                                           111111111111  11  1111      11 11    1 11  1111111111111111111111111                                       
                                           111111111111  11  111111  1 1111111   1111 111111111111111111111111                                        
                                           111111111111   11 1111           11     11  11111111111111111111111                                        
                                           111111111111   1111111        11111111   11 1111111111111111111111                                         
                                           1111111111111  11111111         111111    11 1     11111111111111                                          
                                           11111111111111  1111111         111        1 1    11111111111111                                           
                                            1111111111111  1 1111                  1111 11 111111111111111                                            
                                            11111111111111  1                     111111 11111111111111111                                            
                                             1111111111111  1                     111111 1111111111111111                                             
                                             11111111111111  1      11111111     11111111 11111111111111                                              
                                             111111111111111 11     111111     1111111111 1111111111111                                               
                                              11111111111111  111            111111111111 111111111111                                                
                                              11111111111111   1111       111111111111111 11111111111                                                 
                                              111111111111111  1111      11  111111111111  111111111                                                  
                                               111111111111111 1111      11  11111111 1111 11111111                                                   
                                                11111111111111  111      11111111  111111  1111111                                                    
                                            11  11111111111111   11      11111     1001111 111111                                                     
                                            1   11111111111111   111      1111      10001  11111                                                      
                                            1    1111111111111   101      1111       1101  11111                                                      
                                                 1111111111111   1001     11111       101  111111                                                     
                                                  111111111111   1001     111111       11 11111111                                                    
                                           1      11111111111    11111    1111111      1  111   111                                                   
                                                  11111111111    111111   11111111   111 11 1    111                                                  
                                          1       1111111111  1 11111111111111111111111 1111111   11 1                                                
                                          1       111111111  11111111111111111111111111111111111   1  1                                               
                                          1       11111111  1111111111111101111111111111111111111   1   1                                             
                                          1        11111111111111111111110001111111111111101111111  1     1                                           
                                          1        11111111111111111111111111111111111111000111111111      1                                          
                                          1         111111111111111111111111111111111111111111111111         1                                        
                                          1         111111111111111111111111111111111111111111111111           1                                      
                                          1         111111111111111111111111111111111111111111111111             1                                    
                                          1         111111111111111111111111111111111111111111111111               1                                  
                                          1         111111111111111111000111111111111111111111111111                 1                                
                                          1          111111111111111111111111111111111111111111111111                  1                              
                                          1          111111111111111111111111111111111110011111111  111                  1                            
                                           1         1111111111111111111111111111111111100111111      111          11      1                          
                                           1         11111111111111111111111111111111111111111         111          11       1                        
                                           1         111111111111111111111111111111111111111            111          111                              
                                                     11111111111110000111111111111111111111               11           111      1                     
                                            1        111111111111110011111111111111111111                  1 1          1        1                    
                                             1       11111111111111111111111111111111111                    1 1          1  1      1                  
                                             1       1111111111111111111111111111110001                      1  1         1  1      1                 
                                              1     1100000001111 11111111111111111111                        1  1         1         1                
                                               1    10000000011 1 1111111111111111111                          1  1         1  1      1               
                                                   10000000011 1  111111111111111111     11                     1  1         1         1              
                                                 11111111100111111111111111111111111      11                     1  1         1  1      1             
                                                11111111111111111111111111111111111        11                    1   1                  1             
                                               11111111111111111111111111111111111         1 11                   1  1         1         1            
                                              1111111111111111111111111111111111111         1                     1   1            1     1            
                                             1111111111111111111111111111111111111111       1   1                                  11     1           
                                            111111111111111111111111111111111111111111111    1   1                                                    
                                           111111111111111111111111111111111111111111111111111    1                                                   
                                          1111111111111111111111111111111111111111111111111111111  1                                                  
                                         111111111111111111111111111111111111111111111111111111111111                                                 
                                         1111111111111111111111111111111111111111111111111111111111111111                                             
                                        1111111111111111111111111111111111111111111111111111111111111111111                                           
                                       111111111111111111111111111111111111111111111111111111111110111111111                                          
                                       111111111111111111111111111111111111111111111111111111111111111111111                                          
                                      111111111111111111111111111111111111111111111111110011111111111111111                                           
                                      11111111111111111111111111111111111111111111100000001111111111111111                                            
                                     11111111111111111111111111111111111111111110000000000011111111111111                                             
                                     1111111111111111111111111111111111111110000000000000000111111111111                                              
                                     11111111111111111111111111111111111100000000000000000000111111111                                                
                                      11111111111111111111111111111111000000000000000000000001111111                                                  
                                      1111111111111111111111111111110000000000000000000000000111111                                                   
                                       1111111111111111111111111100000000000000000000000000000011                                                     
                                       11111111111111111111111100000000000000000000000000000011                                                       
                                        1111111111111111111100000000000000000000000000000000011                                                       
                                         111111111111111110000000000000000000000000000000000001                                                       
                                          11111111111111000000000000000000000000000000000000001                                                       
                                           1111111111100000000000000000000000000000000000000001                                                       
                                           1111111110000000000000000000000000000000000000000001                                                       
                                             11111000000000000000000000000000000000000000000001                                                       
                                              1110000000000000000000000000000000000000000000001                                                       
                                               100000000000000000000000000000000000000000000001                                                       
                                                10000000000000000000000000000000000000000000001                                                       
                                                  100000000000000000000000000000000000000000001                                                       
                                                   10000000000000000000000000000000000000000001                                                       
                                                    1000000000000000000000000000000000000000001                                                       
