                                                                                                                                                      
                                                                                                                                                      
                                                                                                                                                      
                                                                                         1111111                                                      
                                                                                        11111111                                                      
                                                                                      11111111111                                                     
                                                                                     111111111111                                                     
                                                                                     111111111111                                                     
                                                                      111       11  1111111111111                                                     
                                                                   1        11      1111111111111                                                     
                                              111111111111111111      1111 1111       111111111111                                                    
                                       111111111111111111111111             11111    1111111111111                                                    
                                      1111111111111111111111111              11   1  1111111111111                                                    
                                      11111111111111111111111     11        11 11  111111111111111                                                    
                                       111111111111111111111111              1      11111111111111                                                    
                                       1111111111111111111111             1 11       1111111111111                                                    
                                        111111111111111 111      11     1 1 111   11 1111111111111                                                    
                                         111111111111111  11    1111   11 1 11 1111 11111111111111                                                    
                                         11111111111111   11 11 111    1  1 111111  111111111111111                                                   
                                          11111111111    111 1 1111    1  1111111   11111111111111 1                                                  
                                           11111111      111111111111       1111    111111111111111 1                                                 
                                           11111     11111  1  111111       111     1111111111111111 1                                                
                                                 1111111111    111111        1     111111111111111 1  1                                               
                                             111111111111111     111        1      11111111111111   1  1                                              
                                   1       1  11111111111111               1     1 11111111111111    1                                                
                                1              11111111111111             1     1  11111111111111     1 1                                             
                               1  11            11111111111111           1     1  111111111111111      111                                            
                              1      1           11111111111111         1     1  1111111111111111       1                                             
                            111   1 1            11111111111111111     1    111111111111111111111       111                                           
                            11   1 1              111111111111111111111   11111111111111111111111        111                                          
                           1       1               111111111111111111    11000111111111111111111          11                                          
                          11    1 11                1111111111111111    110001111111111111111111           1                                          
                          1     1 11                 111111111111111   1100001111111111111111111           11                                         
                          1     1 1                  11111111101111    111111111111111111111111             11                                        
                         1      1 11                  111111111111    1   11111111111111111111              11                                        
                                1 11                   11111111111    111111110111111111111111               11                                       
                                   1                  11111111111 1  11 111111111111111111111                 1                                       
                                                   11111111111111 1 1111111111111111111111111                 1                                       
                                               11111001111111111 11 1111111111111111111111111                  1                                      
                                            11111111111111111111111 111111111111111111111111                   1                                      
                                            11111111111111111111111 11111111111111111111111                    1                                      
                                           111111111111111111111111 11111111111111111111111                    11                                     
                                           11111111111111111111111111111111111111111111111                      1                                     
                                           1111111111111111111111111111111111111111111111                       1                                     
                                           111111111111111111111111111111111111111111111                        1                                     
                                            1111111111111111111111111111111111111111111                         1                                     
                                             11111111111111111111111111111111111111111                                                                
                                              111111111111111111111111111111111111111                                                                 
                                               1100111111111111000111111111111111111                             1                                    
                                                 1111111111111111111111111111111111                    1         1                                    
                                                 111111111111111111111111111111111                     1         1                                    
                                                 111111111111111111111111111111111                    11         1                                    
                                                 11111111111111111111111111111111                     11         1                                    
                                                  1111111111111111111111111111111                     11         1                                    
                                                   111111111111111001111111111011                    11          1                                    
                                                    1111111111111100111111100000011                  11                                               
                                                     111111111111111111110000000001111              111         1                                     
                                                      11111111111111111110000000011111111           11          1                                     
                                                      111111111111111 1 10000000111111111111       1 1          1                                     
                                                      111111111111111 1 1000001111111111111111       1          1                                     
                                                     1 1111111111111  11 11111111111111111111111  1 1          1                                      
                                                   11111 11111111111111111111111111111111111111111  1          1                                      
                                                 111 1   1111111111111111111111111111111111111111111           1                                      
                                              11 111      11111111111111111111111111111111111111111111        1                                       
                                             11  11       1111111111111111111111111111111111111111111111      1                                       
                                          1 1   1        1 11111111111111111111111111111111111111111111111                                            
                                        1 1            1    111111111111111111111111111111111111111111111111 1                                        
                                     1 1   1          1      1111111111111111111111111111111111111111111111111                                        
                                    1    1                  1111111111111111111111111111111111111111111111111111                                      
                               1                           1 11111111111111111111111111111111111111111111111111111                                    
                                    1            1        1 11111111111111111111111111111111111111111111111111111111                                  
                                 1            11        1 11111111111111111111111111111111111111111111111111111111111                                 
                                            1          1 111111111111111111111111111111111111111111111110001111111111                                 
                               11                     1 111111111111111111111111111111111111111111111000000111111111                                  
                             11        1              1111111111111111111111111111111111111111111100000000111111111                                   
                                   11              1 1111111111111111111111111111111111111111110000000000011111111                                    
                                 1               1  1111111111111111111111111111111111111111000000000000011111111                                     
                                                   111111111111111111111111111111111111111000000000000000111111                                       
                                            1    1111111111111111111111111111111111111100000000000000000011111                                        
                                                111111111111111111111111111111111111000000000000000000001111                                          
                                               11111111111111111111111111111111110000000000000000000000011                                            
                                              11111111111111111111111111111110000000000000000000000000011                                             
                                              111111111111111111111111100000000000000000000000000000011                                               
                                              11111100000000000000000000000000000000000000000000000001                                                
                                               111110000000000000000000000000000000000000000000000001                                                 
                                                 1100000000000000000000000000000000000000000000000001                                                 
                                                  10000000000000000000000000000000000000000000000001                                                  
                                                 100000000000000000000000000000000000000000000000001                                                  
                                                 10000000000000000000000000000000000000000000000001                                                   
                                                10000000000000000000000000000000000000000000000001                                                    
                                               10000000000000000000000000000000000000000000000001                                                     
                                              100000000000000000000000111000000000000000000000011                                                     
                                              100000000000000000000011  100000000000000000000001                                                      
                                             100000000000000000000011  100000000000000000000001                                                       
                                            11000000000000000000001    10000000000000000000001                                                        
                                            0000000000000000000011     1000000000000000000001                                                         
                                           100000000000000000001      1000000000000000000001                                                          
                                          100000000000000000011       100000000000000000001                                                           
                                         10000000000000000001         10000000000000000001                                                            
                                        10000000000000000001         10000000000000000001                                                             
                                       10000000000000000011          1000000000000000011                                                              
                                      10000000000000000001           100000000000000001                                                               
