                                                                                                                                                      
                                                                                                                                                      
                                                                                                                                                      
                                                                                                                                                      
                                               11111                                                                                                  
                                              1111111                                                                                                 
                                             1111111111                                                                                               
                                            111111111111                                                                                              
                                            1111111111111                  11                                                                         
                                           111111111111111   1            111  1                                                                      
                                           11111111111111111      11   1  1111                         11111111111                                    
                                           111111111111111                1111             11111111111111111111111                                    
                                           1111111111111111           11  1111111    11111111111111111111111111111                                    
                                           1111111111111111   11          11111111   1111111111111111111111111111                                     
                                           11111111111111111             1111    1    111111111111111111111111111                                     
                                           11111111111111111   1111      111 1         1111111111111111111111111                                      
                                           1111111111111111    11111    1111   1   1   111111111111111111111111                                       
                                           1111111111111111  11 1 11  1  11111  11111  111111111111111111111111                                       
                                            1111111111111111 1111       11        1111 11111   111111111111111                                        
                                            111111111111111111111         1111111   11 11     111111111111111                                         
                                             11111111111111  1111        111111111  111 1    111111111111111                                          
                                              11111111111111111111         11111    1 1  1  1111111111111111                                          
                                              11111111111111111111                    11  11111111111111111                                           
                                               11111111111111                      1     1 111111111111111                                            
                                               1111111111111111                          11  111111111111                                             
                                                111111111111111           11            11111  111111111                                              
                                               111111111111111111    11111111          111111111 111111                                               
                                              1 1111111111111111 11  111111          11111111111111111                                                
                                                11111111111111111  1         11    11111111111111111111                                               
                                             1   111111111111111 11  1    1111  111111111111111111111   11                                            
                                            1    1111111111111111 111 111 1  1 111111111111111111111     11111                                        
                                                 1111111111111111111111   1111111111111111111111111         111 11                                    
                                                  11111111111111111000111 11111111 111111111111111            1    11                                 
                                          1       1111111111111111111000011 111111   100111111111              11    1                                
                                                  111111111111111111 1111111  111111  1101111111                1                                     
                                        1          1111111111111111111   111 1  1111111 1110111                                                       
                                        1           11111111111111111 111 11111  11111111111111                                                       
                                       1             111111111111111111 11111111  11111111111111                                                      
                                      1               11111111111111111111111111  1111111111111111           1                                        
                                      1               111111111111111111111111111  11111111111111111                                                  
                                     1                 11111111111111111111111001  111111111111000111                                                 
                                                        11111111111111111111111111 1111111111111111111                                                
                                    1                   1111111111111111111111111111111111111111111111                                                
                                   11                    111111111111111111111111111111111111111111111                                                
                                   1                      11111111111111111111111111111111111111111111                                                
                                                           111111111111111111110001111111111111111111                                                 
                                  1                        11111111111111111111000111111111111110011                                                  
                                  1                         111111111111111111111111111111111111111                                                   
                                 11                          1111111111111111111111111111111111111                                                    
                                 1                           111111111111111111111111111111111111                                                     
                                 1                1          11111111111111111111111111111111111                                                      
                                                  11         1111111111111111000111111111111111                                                       
                                                  11         111111111111111100011111111111111                                                        
                                1                 11          10000001111111111111111111111111                                                        
                                1                 11         10000000000001111111111111111111                                                         
                                1                  1        110000000000001  1111111111111111                                                         
                                1                1  1     11111111000000001  111111111111111                                                          
                                1                1  1  11111111111111100011  1 1111111111111                                                          
                                1                   1111111111111111111111111 1111111111111                                                           
                                1                 11111111111111111111111111111111111111111                                                           
                                1              111111111111111111111111111111111111111111  11                                                         
                                1           11111111111111111111111111111111111111111111 1   11                                                       
                                1         1111111111111111111111111111111111111111111111  1   111                                                     
                                1       1111111111111111111111111111111111111111111111  1  1   1111                                                   
                                      11111111111111111111111111111111111111111111111    1   1   1  11                                                
                                    11111111111111111111111111111111111111111111111      1    1   1    11                                             
                                  1111111111111111111111111111111111111111111111111       1    11          11                                         
                                 111111111111111111111111111111111111111111111111111       1     1    11      111                                     
                                1111111111111111111111111111111111111111111111111111        1                     11                                  
                              111111111111111111111111111111111111111111111111111111        11       1      1           11                            
                             11111111111100000000000011111111111111111111111111111111         1        1       1                                      
                            1111100000000000000000000000011111111111111111111111111111         1                  1            1                      
                          111111100000000000000000000000000111111111111111111111111111     11   1           1        1                                
                         11111111000000000000000000000000000011111111111111111111111111     111   1            11                                     
                        111111111000000000000000000000000000000011111111111111111111111      111                                                      
                       11111111110000000000000000000000000000000000111111111111111111111       111   1                                                
                       111111111100000000000000000000000000000000000000111111111111111111       1 11  11              1                               
                        11111111110000000000000000000000000000000000000000011111111111111        1  1   1                                             
                         11111111100000000000000000000000000000000000000000000011111111111        1      1                                            
                          1111111110000000000000000000000000000000000000000000000001111111         1  11  1                                           
                            111111100000000000000000000000000000000000000000000000000001111         1                                                 
                              1111110000000000000000000000000000000000000000000000000001111         1                                                 
                               111111000000000000000000000000000000000000000000000000001111                                                           
                                  1110000000000000000000000000000000000000000000000000011                                                             
                                    1110000000000000000000000000000000000000000000000001                                                              
                                       1000000000000000000000000000000000000000000000001                                                              
                                        1000000000000000000000000000000000000000000000001                                                             
                                         100000000000000000000000000000000000000000000001                                                             
                                         110000000000000000000000110000000000000000000001                                                             
                                          100000000000000000000001100000000000000000000001                                                            
                                           10000000000000000000001 11000000000000000000001                                                            
                                            10000000000000000000001 1000000000000000000001                                                            
                                             1000000000000000000001  1000000000000000000001                                                           
                                              100000000000000000001   100000000000000000001                                                           
                                               10000000000000000001    10000000000000000001                                                           
                                                10000000000000000001    1000000000000000001                                                           
                                                 1000000000000000001     1000000000000000001                                                          
                                                 1100000000000000000      100000000000000001                                                          
                                                  1000000000000000001      100000000000000001                                                         
                                                   100000000000000001       10000000000000001                                                         
                                                    10000000000000001        1000000000000001                                                         
                                                     10000000000000001       1000000000000001                                                         
