                                                                                                                                                      
                                                                                                                                                      
                                                                                                                                                      
                                                                                           111111                                                     
                                                                                         111111111                                                    
                                                                                        11111111111                                                   
                                                                                       111111111111                                                   
                                                                                      1111111111111                                                   
                                                                      111       11   11111111111111                                                   
                                          1111111111111111         1        11       11111111111111                                                   
                                       1111111111111111111111111      111111111       1111111111111                                                   
                                      1111111111111111111111111 1           1111      1111111111111                                                   
                                       111111111111111111111111              11   1   1111111111111                                                   
                                       1111111111111111111111     11        11111  11 1111111111111                                                   
                                        11111111111111111111111              1      1 1111111111111                                                   
                                        111111111111111111111              111     1  1111111111111                                                   
                                         11111111111111  11 1     11      111 1    1  1111111111111                                                   
                                         11111111111111   111  1 11    1 1111  11  1  1111111111111                                                   
                                          11111111111111 1111 111 1 1 1 1  1   111 1  1111111111111                                                   
                                          11111111111111111111111          1111   11  1111111111111                                                   
                                           11111111111111111    1111        11111111  1111111111111                                                   
                                            11111111111  1     111111       1 11111  111111111111111                                                  
                                             111111111 1111    1 1111          111   11111111111111 1                                                 
                                             1111111 1111111     111            1   1111111111111111 1                                                
                                              111  111111111                   1   111111111111111 11 1                                               
                                            1    111111111111                 1   1 11111111111111  11 1                                              
                                         11     11111111111111              11   11111111111111111   1  1                                             
                                    111111  1    11111111111111         1   1  111111111111111111     11                                              
                                  11   1         11111111111111111       11   1111111111111111111      111                                            
                                11   1            1111111111111111111   11  111111111111111111111       1 1                                           
                               11   1 1            111111111111111111111   111111111111111111111         1 1                                          
                              11  1                 1111111111111111111  11111111111111111111111          1                                           
                             11 1                    1111111111111111   111100111111111111111111          111                                         
                            11 1  1                  11111111101111    111111111111111111111111            111                                        
                            1 1  1                    11111111111     111111111111111111111111              111                                       
                             1 111                     11111 1111     11111 110111111111111111               111                                      
                            1  1                      1111111111     111111111111111111111111                 111                                     
                                                   1111111111111  1 1111111111111111111111111                 111                                     
                                               1111100111111111 111 1111111111111111111111111                  11                                     
                                            1111111111111111111 1111111111111111111111111111                    111                                   
                                            11111111111111111111111111111111111111111111111                      11                                   
                                           111111111111111111111111111111111111111111111111                       1                                   
                                           1111111111111111111111111111111111111111111111                         11                                  
                                           1111111111111111111111111111111111111111111111                          11                                 
                                           111111111111111111111111111111111111111111111                            1                                 
                                            1111111111111111111111111111111111111111111                             11                                
                                             11111111111111111111111111111111111111111                               1                                
                                              111111111111111111111111111111111111111                                1                                
                                                100011111111111000111111111111111111                                  1                               
                                                 1111111111111111111111111111111111                                   1                               
                                                 111111111111111111111111111111111                                    1                               
                                                 111111111111111111111111111111111                                    1                               
                                                 11111111111111111111111111111111                                     1                               
                                                 11111111111111111111111111111111                    11                                               
                                                  111111111111111100111111111101                     11                                               
                                                  1111111111111111001111111000011                    11               1                               
                                                  11001111111111111111111000000011                   11               1                               
                                                   111111111111111111111100000000111                  1               1                               
                                                    11111111111111111 1 100000001111111             1 1               1                               
                                                     1111111111111111 1 10000011111111111           1 1               1                               
                                                     111111111111111  11 1111111111111111111       1  1              1                                
                                                      111111111111111111111111111111111111111111                     1                                
                                                      111111111111111111111111111111111111111111111  1                                                
                                                       1111111111111111111111111111111111111111111111111            1                                 
                                                      11111111111111111111111111111111111111111111111111111         1                                 
                                                    1111111111111111111111111111111111111111111111111111111111     1                                  
                                                  1111 111111111111111111111111111111111111111111111111111111111   1                                  
                                                1111    11111111111111111111111111111111111111111111111111111111111                                   
                                             11111       11111111111111111111111111111111111111111111111111111111111                                  
                                           1111         1111111111111111111111111111111111111111111111111111111111111                                 
                                        11111           11111111111111111111111111111111111111111111111111111111111111                                
                                    11  1 1           1111111111111111111111111111111111111111111111000111111111111111                                
                               11      1            111111111111111111111111111111111111111111111000000011111111111111                                
                                     1                11111111111111111111111111111111111111111000000000111111111111                                  
                                  1            1     11111111111111111111111111111111111111100000000000011111111111                                   
                                  1111      1        1111111111111111111111111111111111110000000000000001111111111                                    
                                  11      1         1111111111111111111111111111111111100000000000000001111111111                                     
                                                    11111111111111111111111111111111000000000000000000011111111                                       
                                                   11111111111111111111111111111111000000000000000000001111111                                        
                                                   111111111111111111111111111100000000000000000000000011111                                          
                                                  11111111111111111111111111000000000000000000000000000111                                            
                                                  1111111111111111111111100000000000000000000000000000011                                             
                                                  11111111111111111111000000000000000000000000000000011                                               
                                                 11111111111111111000000000000000000000000000000000001                                                
                                                 1111111111110000000000000000000000000000000000000001                                                 
                                                 1111111100000000000000000000000000000000000000000011                                                 
                                                1111000000000000000000000000000000000000000000000001                                                  
                                                  1000000000000000000000000000000000000000000000000                                                   
                                                  1000000000000000000000000000000000000000000000001                                                   
                                                  100000000000000000000001100000000000000000000001                                                    
                                                  10000000000000000000001 100000000000000000000001                                                    
                                                  1000000000000000000001  10000000000000000000001                                                     
                                                  0000000000000000000011  1000000000000000000001                                                      
                                                 1000000000000000000001   1000000000000000000001                                                      
                                                 100000000000000000001    100000000000000000001                                                       
                                                 10000000000000000001     10000000000000000001                                                        
                                                 10000000000000000001     10000000000000000011                                                        
                                                 1000000000000000001      1000000000000000001                                                         
                                                 100000000000000001       100000000000000001                                                          
                                                 10000000000000001        100000000000000001                                                          
                                                 00000000000000001        10000000000000001                                                           
                                                 0000000000000001         10000000000000001                                                           
