                                                                                                                                                      
                                                                                                                                                      
                                                                                                                                                      
                                                                                                                                                      
                                               1111                                                                                                   
                                              1111111                                                                                                 
                                             1111111111                                                                                               
                                            111111111111                                                                                              
                                            1111111111111          11111                                                                              
                                           111111111111111    1           111                                                                         
                                           11111111111111111      11      1111   1                   111111111                                        
                                           111111111111111   11           1111    1      1111111111111111111111                                       
                                           11111111111111111          111 111111   1111111111111111111111111111                                       
                                           1111111111111111    1          11111111  11111111111111111111111111                                        
                                           111111111111111111            111     1   1111111111111111111111111                                        
                                           11111111111111111   1111      111 1        11111111111111111111111                                         
                                           1111111111111111    11111      111  11     1111111111111111111111                                          
                                           1111111111111111  11 1 11  11 11111  11    1111111111111111111111                                          
                                            1111111111111111 1111  1   11111     1    1111 1111111111111111                                           
                                            111111111111111111111         1111111 1   11   111111111111111                                            
                                             11111111111111  1111        111111111 1  11  1111111111111111                                            
                                              11111111111111111111         11111   11  1 1111111111111111                                             
                                              11111111111111 11111                 11   1111111111111111                                              
                                               11111111111111                      1 1  111111111111111                                               
                                               11111111111111                         1  1111111111111                                                
                                                11111111111111            11         1111 11111111111                                                 
                                               1111111111111111      11111111      1111111  11111111                                                  
                                              1 1111111111111111      11111       111111111   111111                                                  
                                                111111111111111111           11  1111111111111   11                                                   
                                             1  1111111111111111  11      1111   1111111111111111                                                     
                                            1    1111111111111111  11     1  11111111111111111111                                                     
                                           1     11111111111111111        11111111111 1111111111           111111                                     
                                          11      111111111111111111   11 111111111111111111111                11111                                  
                                          1       11111111111111111111    11111    110001111111                    111                                
                                         1        111111111111111111 11     1111111  110011111                        11                              
                                        1          111111111111111111111   1  111111111111011                                                         
                                        1           1111111111111111  1111 111   1111111111111                                                        
                                       1            1111111111111111111 1111 111   1111111111111                                                      
                                      1              111111111111111111111111 1111   1111111111111                                                    
                                      1               1111111111111111111111111100111111111111111111                                                  
                                     1                11111111111111111111111111111111111111111000111                                                 
                                    1                  11111111111111111111111111111111111111111111111                                                
                                   1                   11111111111111111111111111111111111111111111111                                                
                                   1                    1111111111111111111111111111111111111111111111                                                
                                  1                      111111111111111111111111111111111111111111111                                                
                                 1                        1111111111111111111110001111111111111111111                                                 
                                 1                         11111111111111111111000111111111111111111                                                  
                                1                          1111111111111111111111111111111111111001                                                   
                               1                            11111111111111111111111111111111111111                                                    
                               1                             111111111111111111111111111111111111                                                     
                              1                   11         11111111111111111111111111111111111                                                      
                              1                   11          1111111111111111111111111111111111                                                      
                             1                    11         11111111111111111111111111111111111                                                      
                             1                    11         1111111111111111000011111111111111                                                       
                            11                    11          110011111111111111111111111111111                                                       
                            1                    1 1          10000000001111111111111111111111                                                        
                            1                    1  1        11000000000000111111111111111111                                                         
                                                 1  1       1101000000000001  111111111111111                                                         
                           111                   1        111111111110000011 11 111111111111                                                          
                           111                   1   1 11111111111111111011  11 11111111111                                                           
                           11                     111111111111111111111111111 111111111111                                                            
                          111                 1111111111111111111111111111111111111111111                                                             
                          111             11111111111111111111111111111111111111111111111                                                             
                          1 11         11111111111111111111111111111111111111111111111111                                                             
                          1  1      111111111111111111111111111111111111111111111111111  11                                                           
                          1  1    1111111111111111111111111111111111111111111111111111     1                                                          
                             1 111111111111111111111111111111111111111111111111111111 1      1                                                        
                             11111111111111111111111111111111111111111111111111111111  1       1                                                      
                          1 1111111111111111111111111111111111111111111111111111111111  1                                                             
                          1111111111100000000011111111111111111111111111111111111111111            1                                                  
                         1111111111100000000000000111111111111111111111111111111111111 1   1       111                                                
                       111011111111100000000000000000011111111111111111111111111111111       1      11111                                             
                      11111111111110000000000000000000001111111111111111111111111111111  1    11       11111                                          
                      11111111111110000000000000000000000001111111111111111111111111111         1         11111                                       
                      11111111111100000000000000000000000000001111111111111111111111111    1      1          1111111                                  
                       11111111111000000000000000000000000000000111111111111111111111111    1       1          11111    1111                          
                       11111111111000000000000000000000000000000001111111111111111111111     1        11           11                                 
                         11111111100000000000000000000000000000000001111111111111111111111     1         1                                            
                          111111110000000000000000000000000000000000000111111111111111111 1     1           1                                         
                            1111110000000000000000000000000000000000000001111111111111111  1      1             1                                     
                              11110000000000000000000000000000000000000000011111111111111   1      1                                                  
                                1110000000000000000000000000000000000000000000111111111111   11      1                                                
                                   1000000000000000000000000000000000000000000000111111111 1   1       1                                              
                                    100000000000000000000000000000000000000000000001111111       1                                                    
                                     10000000000000000000000000000000000000000000000001111   11                                                       
                                     10000000000000000000000000000000000000000000000000011                                                            
                                      100000000000000000000000000000000000000000000000001                                                             
                                       1000000000000000000000001000000000000000000000000                                                              
                                       10000000000000000000000011000000000000000000000001                                                             
                                        100000000000000000000001 100000000000000000000001                                                             
                                         10000000000000000000001  10000000000000000000001                                                             
                                          1000000000000000000001   1000000000000000000001                                                             
                                          1000000000000000000001    100000000000000000001                                                             
                                           100000000000000000001    100000000000000000001                                                             
                                            100000000000000000001    100000000000000000001                                                            
                                            100000000000000000001     10000000000000000001                                                            
                                             10000000000000000001      1000000000000000001                                                            
                                              1000000000000000001       100000000000000001                                                            
                                              1100000000000000001        10000000000000000                                                            
                                               1000000000000000001       100000000000000001                                                           
                                                100000000000000001        10000000000000001                                                           
                                                100000000000000001         1000000000000001                                                           
