                                                                                                                                                      
                                                                                                                                                      
                                                                                                                                                      
                                                                                                                                                      
                                                                                                                                                      
                                                                                                                                                      
                                                                                                                                                      
                                              11111                                                                                                   
                                             11111111                                                                                                 
                                            1111111111                                                                                                
                                            11111111111            11 11                                                                              
                                           11111111111111    1                1                                                                       
                                           1111111111111111               11                                                                          
                                          111111111111111                1111                                                                         
                                          11111111111111   11            11111                                                                        
                                          11111111111111111             11111 11    1            11111111111111111                                    
                                          1111111111111111   11         11111 1111   1  11111111111111111111111111                                    
                                          11111111111111111            11 11          1111111111111111111111111111                                    
                                          11111111111111111   1111      1   11    1   1111111111111111111111111111                                    
                                          1111111111111111   111111  1  11    1   11  111111111111111111111111111                                     
                                           1111111111111111 111  111 1 111111   1111  11111111111111111111111111                                      
                                           1111111111111111  1         1          111 1111111111111111111111111                                       
                                            11111111111111111111         1111111   11 1111111111111111111111111                                       
                                            111111111111111 11111       111111111   11 1111    111111111111111                                        
                                             11111111111111111111          1111      1  1     111111111111111                                         
                                             11111111111111111111                 1  11 1    1111111111111111                                         
                                              111111111111111                     1    1 1 11111111111111111                                          
                                              11111111111111 1                         1  11111111111111111                                           
                                               11111111111111 1          111            1  111111111111111                                            
                                               11111111111111  1    11111111          11111 1111111111111                                             
                                               111111111111111  1    11111          11111111  1111111111                                              
                                               1111111111111111  11         11    11111111111  11111111                                               
                                              1 11111111111111111  11    11111 1111111111111111  11111                                                
                                                111111111111111111  1     1 111111111111111111111  11                                                 
                                             1  1111111111111111111  11   111111 111 1111111110111                                                    
                                            1    1111111111111111111  11  1111111 11101111111101111   1                                               
                                                 11111111111111111111   1 111       1101111111111                                                     
                                           1      11111111111111111 11  11 1111       1001111111     1   1                                            
                                          1       111111111111111111111  1 111111      11001111       111 1                                           
                                          1        11111111111111111  1   1111111111    111111        1111 1                                          
                                                    11111111111111111111   11111111111    11111        11 1 1                                         
                                         1           1111111111111111111   111111111111111111111       1                                              
                                        1            11111111111111111111 11100011111111111111111     11   1 1                                        
                                        1             1111111111111111111 1111111111111111111111111   11   1 1                                        
                                        1              111111111111111111111111111111111111111110111       11                                         
                                                        111111111111111111111111111111111111111111111      11                                         
                                       1                 111111111111111111111111111111111111111111111     1                                          
                                       1                 111111111111111111111111111111111111111111111     1                                          
                                      1                   11111111111111111111000011111111111111111111                                                
                                      1                    1111111111111111111100111111111111111111111                                                
                                      1                     11111111111111111111111111111111111111111                                                 
                                     1                      1111111111111111111111111111111111110011                                                  
                                     1                       11111111111111111111111111111111111011                                                   
                                     1          1           1111111111111111111111111111111111111                                                     
                                     1          1           111111111111111100001111111111111111                                                      
                                     1          1          11111111111111111000111111111111111  1                                                     
                                     1         11           111111111111111111111111111111111     1                                                   
                                     1         111           1000000111111111111111111111111 1                                                        
                                     1         111          10000000000001111111111111111111  1    11  1                                              
                                     1         1 1         100000000000001  111111111111111    1     111  1                                           
                                     1         1 1       11111111100000001  111111111111111  1  1     111   1                                         
                                     1         1     111111111111111100011 11 111111111111   11   1     11 11  1                                      
                                     1         1  11111111111111111111111111 111111111111      1   1      1   11  1                                   
                                     1          1111111111111111111111111111111111111111        1    1      1        1                                
                                     1       111111111111111111111111111111111111111111          1    11                11                            
                                     1     1111111111111111111111111111111111111111111            1             1      1                              
                                     1   11111111111111111111111111111111111111111111              11     1       1      1   1                        
                                     1  11111111111111111111111111111111111111111111                 1      1              1   1                      
                                     111111111111111111111111111111111111111111111                    1              1      1    1                    
                                     11111111111111111111111111111111111111111111                      1       1      1      11   1                   
                                    1111111111111111111111111111111111111111111111                      1       1      1           1                  
                                   1111111111111111111111111111111111111111111111111                     1       1      1                             
                                  11111111111111111111111111111111111111111111111111111                   1       1      1                            
                                 11111111111111111111111111111111111111111111111111111111                  1                                          
                                11111111111111111111111111111111111111111111111111111111111                 1                                         
                               111111111111111111111111111111111111111111111111111111111111111                                                        
                              111111111111111111111111111111111111111111111111111111111111111111                                                      
                              1111111111111111111111111111111111111111111111111111111111111111111                                                     
                             111111111111111111111111111111111111111111111111111111101111111111111                                                    
                            1111111111111111111111111111111111111111111111111000000000111111111111                                                    
                            111111111111111111111111111111111100000000000000000000000011111111111                                                     
                            111111111111111111110000000000000000000000000000000000000001111111111                                                     
                            11111110000000000000000000000000000000000000000000000000000111111111                                                      
                            1111111000000000000000000000000000000000000000000000000000001111111                                                       
                             11111100000000000000000000000000000000000000000000000000000111111                                                        
                              11111100000000000000000000000000000000000000000000000000000111                                                          
                                1111100000000000000000000000000000000000000000000000000001                                                            
                                   111000000000000000000000000000000000000000000000000001                                                             
                                       100000000000000000000000000000000000000000000000001                                                            
                                        10000000000000000000000000000000000000000000000001                                                            
                                        11000000000000000000000000000000000000000000000000                                                            
                                         11000000000000000000000000000000000000000000000001                                                           
                                          1100000000000000000000000000000000000000000000001                                                           
                                           100000000000000000000000000000000000000000000001                                                           
                                            11000000000000000000000001100000000000000000001                                                           
                                             11000000000000000000000011100000000000000000001                                                          
                                               100000000000000000000001 10000000000000000001                                                          
                                                10000000000000000000001  1000000000000000001                                                          
                                                 11000000000000000000001  1000000000000000001                                                         
                                                  1100000000000000000001  1000000000000000001                                                         
                                                    100000000000000000001  110000000000000001                                                         
                                                     10000000000000000001   10000000000000001                                                         
