                                                                                                                                                      
                                                                                                                                                      
                                                                                                                                                      
                                                                                                                                                      
                                                                                                                                                      
                                                                                                                                                      
                                                                                                                                                      
                                                                                           11111                                                      
                                                                                         11111111                                                     
                                                                                        111111111                                                     
                                                                                      111111111111                                                    
                                                                                      111111111111                                                    
                                                                        11     1    11111111111111                                                    
                                                            1           111         11111111111111                                                    
                                                          1  11         11111        1111111111111                                                    
                                               111111111111             111   1      1111111111111                                                    
                                    111111111111111111111         111 111 11  11    11111111111111                                                    
                               11111111111111111111111111  1            11    111   11111111111111                                                    
                               11111111111111111111111111              11          11111111111111                                                     
                               1111111111111111111111111      1       11111    1   11111111111111                                                     
                                1111111111111111111111111  1 11    1 111   1   1  111111111111111                                                     
                                11111111111111111  11 111  1 11 1 1 1 11   111 1  111111111111111                                                     
                                 111111111111111  1111111 111         111111  11  11111111111111                                                      
                                  11111111111111111  1111111111          111111  1111111111111111                                                     
                                   111111111111111   1     11111        111111   111111111111111                                                      
                                    111111111111  1        111111         111    111111111111111 1                                                    
                                     111111111111111        11111         11     111111111111111  1                                                   
                                      111111 11111111        11           1     11111111111111111 1                                                   
                                       111  1111111111                   1    11111111111111111  1 1                                                  
                                       11  1111111111111                1    1 111111111111111   11                                                   
                                      1   111111111111111           1111   1111111111111111111    111                                                 
                                     1    1111111111111111          111   11111111111111111111     11                                                 
                                          11111111111111111111  11   11   11 1111111111111111       11                                                
                                    1    1  11111111111111111111111111   11111111111111111111        11                                               
                                    1    1   111111111111111111111111    11111111111111111111        11                                               
                                    1    1     1111111111111 11111111   11111111111111111111          11                                              
                                    1     1     1111111111 1111111111   11111111111111111111          11                                              
                                          1      11111111110011    11   1111111111111111111            11                                             
                                     1    11      11111110001      1    1101111111111111111             1                                             
                                      11  111       11000001      1111  1111111111111111111             1                                             
                                       11  11       1111111    1111111  1111111111111111111             11                                            
                                        11  111    111111   1111111111  1111111111111111111              1                                            
                                         11  1  1 1   11  111111111111  11111111111111111111             1                                            
                                          11    1111111111111111111111  111111111111111111 1                                                          
                                               111111111111111111110111  11111111111111111 11                                                         
                                             11111100111111111111100011   111111111111111   1                                                         
                                            1111111111111111111111111111  111111111111111   1             1                                           
                                          11111111111111111111111111111111111111111111111   1             1                                           
                                          11111111111111111111111111111111111111111111111111              1                                           
                                         1111111111111111111111111111111111111111111111                   1                                           
                                          111111111111111111111111111111111111111111111                   1                                           
                                          11111111111111111111111111111111111111111111                    1                                           
                                           11111111111111111111001111111111111111111                      1                                           
                                             11001111111111111100011111111111111111                       1                                           
                                              111111111111111111111111111111111111                        1                                           
                                                1111111111111111111111111111111111                        1                                           
                                                 11111111111111111111111111111111                         1                                           
                                                 11111111111111111111111111111111                  11     1                                           
                                                11111111111111111111111111111111                   1                                                  
                                                111111111111111111001111111110011                  1     1                                            
                                             111   111111111111111001111111000001                  1     1                                            
                                       1    111     1001111111111111111110000000011               11     1                                            
                                   1   1 111         111111111111111111 100000000111111          111     1                                            
                                    1                 111111111111111 1 100000011111111111        1     1                                             
                             1         1             1 11111111111111 1 11100111111111111111    1 1     1                                             
                          1         1                 1 111111111111  111111111111111111111111 1  1                                                   
                       1  1       1             1        111111111111111111111111111111111111111 1     1                                              
                     11         1                  1     11111111111111111111111111111111111111111     1                                              
                    1  1      1             1    1       1111111111111111111111111111111111111111111  11                                              
                   1 1       1            1     1        11111111111111111111111111111111111111111111 1                                               
                  1 1      1            1     1         11111111111111111111111111111111111111111111111                                               
                 1        1            1     1         1  1111111111111111111111111111111111111111111111                                              
                        1                   1        11   11111111111111111111111111111111111111111111111                                             
                       1            1      1         1   11111111111111111111111111111111111111111111111111                                           
                      1            1      1         1  1111111111111111111111111111111111111111111111111111                                           
                                  1      1          11111111111111111111111111111111111111111111111111111111                                          
                                  1     1         11111111111111111111111111111111111111111111111111111111111                                         
                                 1      1       1111111111111111111111111111111111111111111111111111111111111                                         
                                1      1     11111111111111111111111111111111111111111111111111111111111111111                                        
                                      1    1111111111111111111111111111111111111111111111111111111111111111111                                        
                                      1   11111111111111111111111111111111111111111111111111111111111111111111                                        
                                         1111111111111111111111111111111111111111111111111111111111111111111111                                       
                                        11110111111111111111111111111111111111111111111111111111111111111111111                                       
                                       111111111111101111111111111111111111111111111111111111111111110111111111                                       
                                       111111111110000000111111111111111111111111111111111111111000000111111101                                       
                                       111111111110000000000111111111111111111111111111111100000000001111111111                                       
                                         111111110000000000000001111111111111111111111000000000000000111111111                                        
                                          1111110000000000000000000000111111111110000000000000000001111111111                                         
                                           1111000000000000000000000000000000000000000000000000000011111111                                           
                                            1100000000000000000000000000000000000000000000000000001111111                                             
                                             100000000000000000000000000000000000000000000000000011111                                                
                                             100000000000000000000000000000000000000000000000001111                                                   
                                            110000000000000000000000000000000000000000000000011                                                       
                                            1000000000000000000000000000000000000000000000001                                                         
                                           1000000000000000000000000000000000000000000000001                                                          
                                           100000000000000000000000000000000000000000000001                                                           
                                          100000000000000000000000000000000000000000000001                                                            
                                          10000000000000000000010000000000000000000000001                                                             
                                         10000000000000000000011000000000000000000000011                                                              
                                         100000000000000000001 100000000000000000000011                                                               
                                        100000000000000000001 10000000000000000000001                                                                 
                                       100000000000000000001  1000000000000000000001                                                                  
