                                                                                                                                                      
                                                                                                                                                      
                                                                                                                                                      
                                                                                                                                                      
                                                                                                                                                      
                                                                                                                                                      
                                                                                                                                                      
                                                                                                                                                      
                                                                                                                                                      
                                                                                                                                                      
                                                                                              111111                                                  
                                            11111111                                       1111111111                                                 
                                           1111111111111                                 111111111111                                                 
                                           1111111111111111                   11  1    11111111111111                                                 
                                           1111111111111111111    1     11111    111 1111111111111111                                                 
                                          11111111111111111111111               1111  111111111111111                                                 
                                          1111111111111111111111                 111    1111111111111                                                 
                                          1111111111111111111111  11           1111 11   111111111111                                                 
                                          1111111111111111111111                 111111  111111111111                                                 
                                          1111111111111  1111 11                        1111111111111                                                 
                                          1111111111111   1    11       1   1 111       1111111111111                                                 
                                          1111111111111        111111   1   111111   1  111111111111                                                  
                                          11111111111111      11111 1   11 111111 1  1  111111111111                                                  
                                           1111111111111   11111111 1  111 111111  1 1  111111111111                                                  
                                           111111111111111 1 1 111111  1   1111111   1  111111111111                                                  
                                           111111111111111 111    111        1111111 1  111111111111                                                  
                                           111111111111111 11 1111111       1111111111  11111111111                                                   
                                            1111111111111  11 1 11111         11111  1 111111111111                                                   
                                            1111111111111 1     1111                 1 111111111111                                                   
                                            111111111111  1                         11 11111111111                                                    
                                            11111111111  11   1                     1  11111111111                                                    
                                             111111111   11                   1    11 111111111111                                                    
                                             11111111   1111          11     11    1  1111111111111                                                   
                                             1111111   111111                    11  111111111111 1                                                   
                                             111111   11111111      11           1  111111111111   1                                                  
                               11             1111   1111111111      1          11  111111111111    1                                                 
                                 11         11111   1111111111  11  1    1     11  111111111111      1                                                
                                    11111     11  1111111111111    11    1    11  111111111111        1                                               
                          1  11                 1111111111111001  11    111  11  1111111111111         1                                              
                           11 111              11111111111110001       1111 1   1111111111111            1                                            
                              1111111       1   1111111111100001       1111    1111111111111              1                                           
                                                1111111111000001       111       1011111111                11                                         
                                                1111111111100001      1111   1   1011011111                  1                                        
                                                1111111111110001   111111  11   1001100111                                                            
                                                1111111111111111     11  11     1110111011                                                            
                                                1111111111111111  11  11111     111111111                         1                                   
                                                1111111111111111  1111111111111111111111                            1                                 
                                                11111111111 1111111111111111111111111111                                                              
                                               111111111111111111111111111111111111111111                                                             
                                               1111111111111110001111111111111100111111111                               1                            
                                               11111111111111111111111111111111111111111111                               1                           
                                               11111111111111111111111111111111111111111111                                1                          
                                              111111111111111111111111111111111111111111111                                  1                        
                                              111111111111111111111111111111111111111111111                                   1                       
                                              111111111111111111111111111111111111111111111                             1      1                      
                                              11111111111111110001111111111111111111111111                1             11      1                     
                                              1111111111111111111111111111111100111111111                 11            11       1                    
                                              1111111111111111111111111111111111111111                    11             11                           
                                              11111111111111111111111111111111111111                       11            111      1                   
                                              111111111111111111111111111111111111                         11              1       1                  
                                               1111111111111111111111111111111111                          111              1      1                  
                                               111111111110001111111111100111111                           111              1      1                  
                                               111111111111111111111111111111111                           1 1                     1                  
                                               11111111111111111111111111111101                            1  1           1  1     1                  
                                               111111111111111111111111111111001                           1  1           1  1                        
                                                1000011 11 1111111111111 11110011                          1  1           1  1    1                   
                                                10000011 11 1111111111111111111111111                      1  1              1    1                   
                                                10000011 1111111111111111111111111111111111               1   1                  1                    
                                                1000001 1111111111111111111111111111111111111111111       1   1          1  1   1                     
                                                101111111111111111111111111111111111111111111111111111111 1  11          1 1   1                      
                                                111111111111111111111111111111111111111111111111111111111111111          111                          
                                                111111111111111111111111111111111111111111111111111111111111111111       11  1                        
                                                1111111111111111111111111111111111111111111111111111111111111111111         1                         
                                                11111111111111111111111111111111111111111111111111111111111111111111       1                          
                                                11111111111111111111111111111111111111111111111110011111111111111111      1                           
                                                11111111111111111111111111111111111111111111110000011111111111111111    11                            
                                                11111111111111111111111111111111111111111111000000011111111111111111   1                              
                                                11111111111111111111111111111111111111111100000000001111111111111111                                  
                                                1111111111111111111111111111111111111111000000000000111111111111111                                   
                                                1111111111111111111111111111111111111000000000000000011111111111111                                   
                                                111111111111111111111111111111111110000000000000000001111111111111                                    
                                                11111111111111111111111111111111000000000000000000000011111111111                                     
                                                111111111111111111111111111111000000000000000000000000111111111                                       
                                                11111111111111111111111111111000000000000000000000000011111111                                        
                                                1111111111111111111111111110000000000000000000000000000111111                                         
                                                11111111111111111111111110001000000000000000000000000001111                                           
                                                1111111111111111111111100000100000000000000000000000001111                                            
                                                11111111111111111111100000000000000000000000000000000001                                              
                                                1111111111111111111000000000000000000000000000000000011                                               
                                                111111111111111110000000000000000000000000000000000001                                                
                                                 11111111111110000000000000000000000000000000000000001                                                
                                                  111111111100000000000000000000000000000000000000001                                                 
                                                  100000000000000000000000000000000000000000000000001                                                 
                                                   1000000000000000000000000000000000000000000000001                                                  
                                                    100000000000000000000000000000000000000000000001                                                  
                                                     1000000000000000000000000000000000000000000001                                                   
                                                      100000000000000000000000000000000000000000001                                                   
                                                      10000000000000000000000000000000000000000001                                                    
                                                       1000000000000000000000000000000000000000001                                                    
                                                        11000000000000000000000000000000000000001                                                     
                                                         100000000000000000000000000000000000001                                                      
                                                          10000000000000000000000000000000000001                                                      
