                                                                                                                                                      
                                                                                                                                                      
                                                                                                                                                      
                                                                                                                                                      
                                                                                                                                                      
                                                                                                                                                      
                                                                                                                                                      
                                                                                                                                                      
                                                                                                                                                      
                                                                                                                                                      
                                                                                                                                                      
                                               1                                                                                                      
                                             111111                                                                                                   
                                            111111111                                         11111111                                                
                                           11111111111                                    1111111111111                                               
                                           111111111111                               11111111111111111                                               
                                          111111111111111      1         11 11    111111111111111111111                                               
                                          1111111111111111               111    1111111111111111111111                                                
                                          11111111111111111             11111     11111111111111111111                                                
                                         111111111111111111             111111     1111111111111111111                                                
                                         11111111111111111               1111 11    11111111111111111                                                 
                                         1111111111111111  1            111    11   11111111111111111                                                 
                                         11111111111111  1    111       1111         1111111111111111                                                 
                                         11111111111111111    1111      111 11 1      11111111111111                                                  
                                         1111111111111   1  111 111  1 11111   11     11111111111111                                                  
                                          111111111111 111  11 1  1  111111111  1    11111111111111                                                   
                                          111111111111 111 11111                11  111111111111111                                                   
                                          111111111111 11 1 1111        11111111 1  11111111111111                                                    
                                           11111111111 1  111111          111111 1  11111111111111                                                    
                                           11111111111 111111111          1111   11 11111111111111                                                    
                                            11111111111111  111                  11 1111111111111                                                     
                                            11111111111 11                        1  111111111111                                                     
                                             1111111111 111                     1111 11111111111                                                      
                                             11111111111 11            1111      111  1111111111                                                      
                                              1111111111 1111      1111111     11111  111111111                                                       
                                              11111111111 11111      11      11111111 11111111                                                        
                                              111111111111 11111          11111111111  111111                                                         
                                              111111111111  11 1            1111111111  1111                                                          
                                                11111111111  1111      1   111111111111  111                                                          
                                            1   111111111111  111     111  111111110111   11                                                          
                                            1   1111111111111  111    1111     1  100111    1                                                         
                                           1     1111111111111 111    1111        1000111     1                  1                                    
                                          1      11111111111011 11111 1111         1000111      11            11                                      
                                         1       111111111110011  111111111        10000111     111111111111                                          
                                        1         111111111100011  1  111111       1111111 111                                                        
                                       1          11111111110000011    111111       111111   11    1111111                                            
                                                  111111111111000011   1111111 1     111111                                                           
                                                  1111111111111111111   111111111    1111111                                                          
                                   1              11111111111111111111    11111111 11111111111                                                        
                                  1                1111111111111 11 1111    1111111111111111111    1                                                  
                                 1                  11111111111111111111111111111111110011111111                                                      
                                1                   111111111111111111100111111111111000111111111                                                     
                               1                     11111111111111111100011111111111111111111111                                                     
                              1                       1111111111111111111111111111111111111111111                                                     
                            11                        1111111111111111111111111111111111111111111                                                     
                           1                           11111111111111111111111111111111111111111                                                      
                          1                             1111111111111111111111111111111111111111                                                      
                         11                              11111111111111001111111111111110001111                                                       
                        11                                1111111111110001111111111111111011111                                                       
                       11                        1         11111111111111111111111111111111111                                                        
                       11                       11         11111111111111111111111111111111111                                                        
                      11                        11          1111111111111111111111111111111111                                                        
                     111                       111          111111111111111111111111111111111                                                         
                    111                        111           10111111100111111111111111100111                                                         
                    11                         1 1          10000111110011111111111111110011                                                          
                   111                        1  1        110000001111111111111111111111111                                                           
                  1111                        1  1     111111000001 1111111111111111111111                                                            
                  1111                        1   1   1111111100011 11 1111111111111111 11                                                            
                 111 1                        1     11111111111111111 11111111111111111111                                                            
                 11  1                        1   1111111111111111111111111111111111111111                                                            
                 11  1           111111111111111111111111111111111111111111111111111111111                                                            
                 11  1         11111111111111111111111111111111111111111111111111111111111                                                            
                 1   1        1111111111111111111111111111111111111111111111111111111111111                                                           
                 1   1        1111111111111111110011111111111111111111111111111111111111111                                                           
                 1   1        11111111111111110000011111111111111111111111111111111111111111                                                          
                 1            10111111111111100000001111111111111111111111111111111111111111                                                          
                 1    1       11111111111111000000000111111111111111111111111111111111111111                                                          
                 1    1        11111111111100000000000111111111111111111111111111111111111111                                                         
                 11   1        11111111111100000000000011111111111111111111111111111111111111                                                         
                  1    1        1111111111000000000000001111111111111111111111111111111111111                                                         
                  1             111111111000000000000000011111111111111111111111111111111111111                                                       
                   1    1        1111111100000000000000000011111111111111111111111111111111111                                                        
                   1    1         111111000000000000000000001111111111111111111111111111111111    1                                                   
                    1    1         1111100000000000000000000011111111111111111111111111111111111      11                                              
                    11              11110000000000000000000000111111111111111111111111111111111               111111                                  
                    111   1          1100000000000000000000000001111111111111111111111111111111    11                                                 
                     1 1             1110000000000000000000000000111111111111111111111111111111        1                                              
                        1             110000000000000000000000000111111111111111111111111111111                                                       
                                       100000000000000000000000011110111111111111111111111111111                                                      
                                       1000000000000000000000000111000001111111111111111111111111                                                     
                                       1000000000000000000000000111000000000011111111111111111111                                                     
                                       1000000000000000000000000110000000000000000001111111111111                                                     
                                       10000000000000000000000001100000000000000000000000011111111                                                    
                                       10000000000000000000000001000000000000000000000000011111111                                                    
                                        000000000000000000000001100000000000000000000000001111111                                                     
                                        1000000000000000000000010000000000000000000000000111111                                                       
                                        1100000000000000000000111000000000000000000000001111                                                          
                                         10000000000000000000011000000000000000000000011                                                              
                                         110000000000000000001 10000000000000000000001                                                                
                                          1000000000000000000110000000000000000000001                                                                 
                                           10000000000000000000000000000000000000001                                                                  
                                           10000000000000000000000000000000000000001                                                                  
