                                                                                                                                                      
                                                                                                                                                      
                                                                                                                                                      
                                                                                                                                                      
                                                                                                                                                      
                                                                                                                                                      
                                                                                                                                                      
                                                                                                                                                      
                                                                                                                                                      
                                                                                                                                                      
                                                                                                                                                      
                                                                                                                                                      
                                                                                                                                                      
                                                                                                                                                      
                                                                                               111                                                    
                                                                                           11111111                                                   
                                                                                         11111111111                                                  
                                                                                      11111111111111                                                  
                                                                            11      1111111111111111                                                  
                                                       1   1 1         111 11111  11111111111111111                                                   
                                                       1111               1111   111111111111111111                                                   
                               111111111111111111111111111         1       1111    111111111111111                                                    
                              11111111111111111111111111111                11  11   11111111111111                                                    
                              11111111111111111111111111111                11   1    1111111111111                                                    
                               111111111111111111111111            1     1111        111111111111                                                     
                               1111111111111111111111     1   1    1   111111        111111111111                                                     
                                111111111111111111111   111  11    11  111 11        111111111111                                                     
                                11111111111111     1  11111  11   111  111  1       1111111111111                                                     
                                 111111111111      1  11111  1111 11111111111   1  1111111111111                                                      
                                 1111111111111        111 111111      1111111  11  1111111111111                                                      
                                  1111111111111      11   11111       1111111  11 11111111111111                                                      
                                  11111111111111  1  11  111111         11111  1111111111111111                                                       
                                   111111111111111   1 1   1111          1111  1 11111111111111                                                       
                                    11111111111111   1  1                   1  1111111111111111                                                       
                                    11111111111111  1                       1  1111111111111111                                                       
                                     111111111111   1                       1  111111111111111                                                        
                                      11111111111   1            11111111  11  111111111111111                                                        
                                       1111111111   111           111111   11  1111111111111111                                                       
                                        111111111   11111                  11  11111111111111 1                                                       
                                         11111111   1111111                1   11111111111111  1                                                      
                                          1111111   1111111       1111     11   1111111111111  1                                                      
                                           111111    1111111111        1   11   111111111111                                                          
                                           111111    111111111 11111   1   11    11111111111    1                                                     
                                            11111     11111111 11111  111   1    11111111111    1                                                     
                                             11111     11000011111   1111   11    11111111111                                                         
                                              1111     11000001       11   111     1111111111                                                         
                                                111     110001       111   1001     111111111                                                         
                                                 111     11101     11111   10001     11111111    1                                                    
                                                 1111    11111    111111   100011     1111111    1                                                    
                                                   1111    111   1111111  1111111111    11111    1                                                    
                                              1    11111   111111111111111111111111111   11111   1                                                    
                                            1    11111111    111111111111111111111111111   1  1  1                                                    
                                                111111111111111111111111111111111111111111     1 1                                                    
                                                1111111100111111111111100011111111111111111    111                                                    
                                               11111111111111111111111100111111111111111111     11                                                    
                                   1          1111111111111111111111111111111111111111111111    11                                                    
                                              11111111111111111111111111111111111111111111  1111 1                                                    
                               1             1 111111111111111111111111111111111111111111                                                             
                             1  111         1  11111111111111111111111111111111111111111                                                              
                           1  1111         1  1 111111111111111111111110011111111111111         1                                                     
                         1  1  1         11  1   11111100111111111111110011111111111111         1                                                     
                          1   1             11     11111011111111111111111111111111111          1                                                     
                      1      1         1    1       1111111111111111111111111111111111         11                                                     
                      1     1         1    1       1 11111111111111111111111111111111          1                                                      
                   1                 1    1       11 11111111111111111111111111111111          1                                                      
                  11      1         1             1  1111100011111111111101111111111          1                                                       
                 11                1     1        1  1  11111111111111111001111100011         1                                                       
                11      1         1     1        1      11111111111111111111111100001         1                                                       
               11      1                1        1       101111111111111111 11100000111      1                                                        
              11      1          1               1      100111 1111111111111111100011111     1                                                        
              1      1          1      1         1    111111111111111111111111111111111111  1                                                         
             1      1           1      1        11  111111111111111111111111111111111111111                                                           
                                      11        11111111111111111111111111111111111111111111                                                          
            1      1           1      1        1111111111111111111111111111111111111111111111                                                         
           11     1            1      1     111111111111111111111111111111111111111111111111111                                                       
           1     11            1      1   111111111111111111111111111111111111111111111111111111                                                      
          11     1            11      1 11111111111111111111111111111111111111111111111111111111                                                      
          1      1            1       11111111111111111111111111111111111111111111111111111111111                                                     
         11                   1      1111111111111111111111111111111111111111111111111111111111111                                                    
        1 1                         11111111111111001111111111111111111111111111111111111111111111                                                    
        1                         11111111111111110000011111111111111111111111111111111111111111111                                                   
        11                       1101111111111111000000000111111111111111111111111111111111111111111                                                  
         1                      11111111111111111000000000000111111111111111111111111111111111111111                                                  
                                 1111111111111110000000000000001111111111111111111111111111111111111                                                  
                                  1111111111111100000000000000000111111111111111111111111111111111111                                                 
                                   111111111111000000000000000000000111111111111111111111111111111111                                                 
                                    11111111110000000000000000000000001111111111111111111111111111111                                                 
                                      11111110000000000000000000000000001111111111 1111111111111111111                                                
                                       111111000000000000000000000000000001111111111111111111111111111                                                
                                         1111000000000000000000000000010000001111111111111111111111111                                                
                                          110000000000000000000000000000000000011111111111111111111111                                                
                                            1000000000000000000000000000000000000001111111111111111111                                                
                                           10000000000000000000000000000000000000000000011111111111111                                                
                                           10000000000000000000000000000000000000000000000000011111111                                                
                                           100000000000000000000000000000000000000000000000000001   1                                                 
                                           10000000000000000000000000000000000000000000000000001                                                      
                                           1000000000000000000000000000000000000000000000000011                                                       
                                          100000000000000000000000000000000000000000000000001                                                         
                                          10000000000000000000000000000000000000000000000001                                                          
                                          100000000000000000000000000000000000000000000001                                                            
                                          10000000000000000000000000000000000000000000011                                                             
                                          1000000000000000000000000000000000000000000001                                                              
